[1], [0, 2, 0.04, 1, 0, 0], [0, 2.035, 0.04, 1, 0, 0], [0, 2.0175, 0.0647487, 1, 0, 0], [0.035, 2.00875, 0.0523744, 1, 0, 0],
[2], [3.95417e-10, 2, 0.04, 1, 0, 0], [-3.75833e-10, 2.035, 0.04, 1, 0, 0], [-4.02711e-10, 2.0175, 0.0647487, 1, 0, 0], [0.0326069, 2.00482, 0.04959, 1, 0, 0],
[3], [-7.65102e-10, 2, 0.04, 1, 0, 0], [9.03443e-10, 2.035, 0.04, 1, 0, 0], [2.06353e-11, 2.0175, 0.0647487, 1, 0, 0], [0.034319, 2.01434, 0.0484075, 1, 0, 0],
[4], [7.96591e-10, 2, 0.04, 1, 0, 0], [-5.39935e-10, 2.035, 0.04, 1, 0, 0], [-4.91453e-10, 2.0175, 0.0647487, 1, 0, 0], [0.0322206, 2.01043, 0.0456249, 1, 0, 0],
[5], [-3.49757e-10, 2, 0.04, 1, 0, 0], [-5.96967e-10, 2.035, 0.04, 1, 0, 0], [9.53086e-10, 2.0175, 0.0647487, 1, 0, 0], [0.0324938, 2.00875, 0.0579336, 1, 0, 0],
[5], [-6.52955e-10, 2, 0.04, 1, 0, 0], [-8.40001e-11, 2.035, 0.04, 1, 0, 0], [5.961e-10, 2.0175, 0.0647487, 1, 0, 0], [0.0304116, 2.0048, 0.0551515, 1, 0, 0],
[6], [2.8916e-10, 2, 0.04, 1, 0, 0], [-6.94886e-11, 2.035, 0.04, 1, 0, 0], [-7.87372e-10, 2.0175, 0.0647487, 1, 0, 0], [0.030412, 2.00481, 0.0551787, 1, 0, 0],
[7], [7.04922e-10, 2, 0.04, 1, 0, 0], [-6.80335e-10, 2.035, 0.04, 1, 0, 0], [-1.38219e-10, 2.0175, 0.0647487, 1, 0, 0], [0.0324456, 2.01438, 0.0539921, 1, 0, 0],
[7], [-8.03444e-11, 2, 0.04, 1, 0, 0], [-5.08466e-11, 2.035, 0.04, 1, 0, 0], [4.05401e-10, 2.0175, 0.0647487, 1, 0, 0], [0.0307346, 2.0104, 0.0511924, 1, 0, 0],
[8], [-9.54243e-10, 2, 0.04, 1, 0, 0], [1.14657e-10, 2.035, 0.04, 1, 0, 0], [3.57169e-10, 2.0175, 0.0647487, 1, 0, 0], [0.0307264, 2.0104, 0.0511876, 1, 0, 0],
